0 0 0.301475941894
0 0 0.782938239264
0 0 0.46106749944
0 0 3.31263289371
0 0 3.16963130326
0 0 0.738158467789
0 0 0.0871940661797
0 0 0.160300287587
0 0 1.37444139631
0 0 2.73306683467
0 0 1.31030055143
0 0 1.3796679047
0 0 3.7798539424
0 0 1.20693107776
0 0 0.128713528055
0 0 1.24839231336
0 0 1.088465596
0 0 3.39839976482
0 0 0.0608445239918
0 0 2.11560879627
0 0 0.99790152512
0 0 0.378533944586
0 0 1.8994388986
0 0 0.30872859834
0 0 0.229046577581
0 0 1.1305819195
0 0 1.41228225742
0 0 0.208150307971
0 0 1.33380165235
0 0 3.22743783294
0 0 0.733942349954
0 0 0.572220923656
0 0 1.11042677129
0 0 2.1157844539
0 0 1.13610998962
0 0 1.31406019736
0 0 2.76008773353
0 0 1.86189883095
0 0 0.210941010975
0 0 1.08066268862
0 0 1.94007014701
0 0 1.13880287422
0 0 1.45466823088
0 0 2.34347166585
0 0 0.2272448404
0 0 0.645798381487
0 0 1.20045061803
0 0 2.50100494819
0 1 -0.0944762203771
0 0 2.4747918607
0 0 0.239082091917
0 0 0.239082091917
0 0 0.239082091917
0 0 0.239082091917
0 0 0.190381892722
0 0 0.239082091917
0 0 2.75243047742
0 0 3.48746507506
0 0 0.694620873068
0 0 0.286597666568
0 0 0.712450113144
0 0 1.2571482089
0 0 0.308296189976
0 0 1.6320265831
0 0 2.95885392919
0 0 0.0539126312287
0 0 2.94320910281
0 0 0.0937805034674
0 0 0.544793185023
0 0 0.851064600307
0 0 1.54388008089
0 0 1.09759311618
0 0 0.0378090726386
0 0 0.317978772378
0 0 0.661130563989
0 0 0.705673832191
0 0 0.185469537988
0 0 0.950676702228
0 0 2.11463958444
0 0 2.38809372489
0 0 0.559788650036
0 0 1.33452650878
0 0 1.09416080049
0 0 0.803225890347
0 0 1.21230234337
0 0 0.709172760027
0 0 0.619355537816
0 0 0.932026700816
0 0 0.117508953266
0 0 0.900740759793
0 0 0.0768244490888
0 0 0.33310985146
0 0 0.0183968123887
0 0 3.22937581678
0 0 1.34944736111
0 0 0.497166724679
0 0 0.236750004719
0 0 0.75040859162
0 0 0.874906886846
0 0 0.818466113683
1 0 0.103059294196
1 1 -0.591802543079
1 1 -1.72699027055
1 1 -2.05939274891
1 1 -0.817486207939
1 1 -0.336789042662
1 1 -0.85378251644
1 1 -2.42462625533
1 1 -1.08646678862
1 1 -1.17289338847
1 1 -1.58115439134
1 1 -1.03196496143
1 1 -0.0692940871176
1 1 -0.389687021687
1 1 -1.10803619005
1 1 -1.32585244728
1 1 -0.857229599084
1 1 -0.0303049191433
1 1 -2.75376463094
1 1 -0.994131242694
1 1 -1.78026112797
1 0 0.149127742505
1 1 -0.834911089335
1 1 -0.86146378932
1 1 -2.89753830985
1 1 -1.1996943317
1 1 -1.96482883991
1 1 -1.24348653617
1 1 -3.14549262868
1 1 -0.971314850562
1 0 0.249771955813
1 1 -0.692367012187
1 1 -0.373206410097
1 0 0.285101257501
1 1 -1.3470648774
1 1 -1.17356237627
1 1 -3.53675439398
1 1 -0.815894128756
1 1 -1.24588593398
1 1 -1.96687956041
1 1 -1.72714420711
1 1 -1.38911973251
1 1 -1.27196294032
1 1 -4.16718411493
1 0 0.248280704757
1 1 -2.25376795772
1 1 -1.53230878375
1 1 -1.86470739241
1 1 -2.20229135495
1 0 0.0140192517305
1 1 -1.50928377941
1 1 -0.922999020604
1 1 -0.263876626225
1 1 -1.65213259891
1 1 -1.61539930832
1 1 -2.22348200806
1 1 -1.13139128997
1 1 -2.00883547418
1 1 -3.27143990736
1 1 -1.40769868408
1 1 -2.45990335781
1 1 -0.523714808263
1 1 -1.50744513713
1 1 -1.52411016632
1 1 -2.00441185467
1 1 -1.26299218925
1 1 -2.08117640264
1 1 -0.880389546905
1 1 -1.00522081549
1 1 -1.67303363874
1 1 -2.51992057893
1 1 -0.577333844415
1 1 -1.09527742352
1 1 -2.27982337255
1 1 -1.15255568227
1 1 -0.973301745091
1 1 -0.364072368135
1 1 -0.985327100839
1 1 -1.38338437954
1 1 -1.49689885374
1 1 -0.837554346691
1 1 -0.151258374162
1 1 -1.0317212967
1 1 -2.15779972128
1 1 -2.48696365468
1 1 -1.98216649071
1 1 -2.18214687704
1 1 -1.87691673505
1 1 -0.561067885787
1 1 -0.00630493048601
1 1 -0.731866854832
1 1 -0.161117405155
1 1 -2.09073323835
1 1 -0.355857928223
1 1 -0.496694755349
1 1 -0.456694227886
1 1 -0.122998197048
1 1 -0.12789182849
1 1 -0.500937775578
1 1 -1.48277559283
