0 1 -2.97885564106
0 1 -0.129426585702
0 1 -1.99470537546
0 0 2.69949247988
0 0 1.97968703173
0 1 -0.348676612187
0 1 -26.2462256924
0 1 -16.5129349518
0 0 0.243800864147
0 0 1.91505565
0 1 -0.497806329719
0 0 0.914655930624
0 0 1.73606111641
0 1 -0.153265746824
0 1 -3.63375574108
0 0 0.719116742389
0 1 -0.519898161634
0 0 0.466745818006
0 1 -11.3361774351
0 0 1.33220023886
0 1 -0.825318208955
0 1 -0.207033659094
0 0 0.310753658237
0 1 -1.14598618341
0 1 -1.68635621669
0 1 -0.325953865293
0 0 0.0737689819745
0 1 -2.95002418353
0 1 -0.55777276448
0 0 0.757985129939
0 0 0.576164780358
0 1 -0.933407261048
0 0 1.67326100195
0 0 0.40439909574
0 0 1.35420655267
0 0 1.21121723577
0 0 1.15824089378
0 0 1.30177199245
0 1 -0.250709510704
0 1 -3.60696897609
0 0 2.54908995043
0 0 1.52206040467
0 0 1.73911815847
0 0 1.95992030269
0 1 -0.0292213618563
0 1 -0.620897327056
0 0 0.565685445602
0 0 1.0493649209
0 1 -29.6842029648
0 0 1.13817725573
0 1 -0.533110101769
0 1 -0.533110101769
0 1 -0.533110101769
0 1 -0.533110101769
0 1 -3.7573005332
0 1 -0.533110101769
0 0 2.67045536355
0 0 2.52811899883
0 0 0.334237160323
0 1 -4.91541579735
0 1 -0.110544959437
0 0 1.72751036024
0 1 -5.46007858623
0 0 0.750454876291
0 0 2.60828626262
0 1 -29.4070365954
0 0 2.27025340058
0 1 -0.936427960838
0 1 -2.13082273791
0 1 -0.714256563793
0 0 0.549294234871
0 1 -1.16462351629
0 1 -2.84999955855
0 1 -0.214926332429
0 0 0.461357263566
0 1 -0.19966044566
0 0 0.528159141465
0 0 0.413286611992
0 0 1.7457819662
0 0 2.49669078466
0 1 -0.579954580144
0 0 0.720331050702
0 1 -0.0919109223223
0 1 -0.572089573661
0 0 0.392022287755
0 1 -2.04029302317
0 1 -0.539232031885
0 0 0.408066112915
0 1 -0.133863080242
0 1 -5.96719526181
0 1 -1.64910757656
0 1 -0.828364861111
0 1 -1.02138234242
0 0 2.52122399664
0 0 0.4520452215
0 1 -0.133794964734
0 1 -4.19932090389
0 0 1.15082176229
0 1 -0.18771400209
0 1 -0.240180519178
1 1 -6.62615814685
1 1 -0.0410590201403
1 0 1.1354738421
1 1 -0.692025204939
1 0 1.43159026518
1 0 0.647522424425
1 0 1.7117397947
1 0 1.4714008534
1 1 -0.739299968516
1 0 1.36641720529
1 0 0.882268806864
1 0 2.03443118711
1 1 -22.6822126068
1 1 -0.936898083271
1 0 0.0341698917835
1 0 1.08204144671
1 1 -1.11772566571
1 1 -34.3594316661
1 0 1.39364568571
1 0 1.22104296795
1 0 1.22682444865
1 1 -4.88359041749
1 1 -6.59927536392
1 1 -0.105944619103
1 0 1.61849223279
1 0 1.450240494
1 0 1.01596306506
1 0 2.46578626429
1 0 2.41574585457
1 1 -3.54278113225
1 1 -3.28019914581
1 0 1.12042796803
1 1 -1.36005285145
1 0 0.576607935018
1 1 -0.299092205592
1 1 -1.68992459438
1 0 1.6104174792
1 1 -1.94380469137
1 0 1.61828121013
1 0 1.96156892766
1 0 2.459331204
1 0 1.63248995796
1 0 1.36302190236
1 0 1.78152615266
1 0 0.45721199603
1 0 0.613173943259
1 0 0.99515330832
1 0 0.906828203881
1 1 -0.0481110383814
1 0 1.03564746621
1 0 1.03244867542
1 1 -0.274175865416
1 1 -2.34849624346
1 0 1.96457100609
1 0 0.998651967065
1 0 0.827077372527
1 0 1.04399055542
1 0 1.15061079102
1 0 1.97673505984
1 0 0.313863040516
1 0 2.07411106066
1 0 0.976511493394
1 0 0.720831977571
1 0 0.806722413993
1 0 1.92325978587
1 0 0.38841169012
1 0 2.21112216043
1 1 -0.78013647791
1 1 -0.523523194226
1 1 -1.36147159979
1 1 -0.0585847733407
1 0 1.41570477099
1 0 0.265446483458
1 0 2.17155560404
1 0 0.854422162307
1 1 -0.811246737599
1 0 1.43618393278
1 0 2.4743994512
1 0 0.274324167127
1 0 0.15223263114
1 0 0.571817202895
1 1 -0.64070129466
1 1 -2.08790795681
1 0 0.647597164311
1 0 1.26153999252
1 0 1.65362263222
1 0 2.66205091734
1 1 -0.302675204513
1 1 -3.58412260889
1 1 -7.76071797355
1 1 -3.01071833177
1 1 -3.84317745733
1 0 0.833726670245
1 0 0.416825248802
1 1 -3.44217806727
1 0 1.2524629587
1 1 -2.41224267465
1 0 1.02505678277
1 1 -27.9599171774
1 1 -0.105642263836
