0 0 0.392902931408
0 0 0.625789849306
0 0 0.607884892624
0 0 3.72417473429
0 0 3.72998333591
0 0 0.946822889677
0 0 0.238014347595
0 0 0.45894480265
0 0 1.70046364335
0 0 2.44848037958
0 0 1.46417645764
0 0 1.32759528705
0 0 4.01200043312
0 0 1.27190115096
0 0 0.381031088033
0 0 1.27838169572
0 0 1.23528338369
0 0 2.98308124842
0 1 -0.0115633463226
0 0 2.86530391219
0 0 1.46008555238
0 0 0.168234413965
0 0 2.74498961026
0 0 0.798563357286
0 0 0.492414293738
0 0 1.0483992791
0 0 1.66433742904
0 0 0.240172133332
0 0 1.5729794883
0 0 3.51978740764
0 0 1.25572326485
0 0 0.769902019368
0 0 1.2092991741
0 0 2.2597802706
0 0 1.79722025569
0 0 1.25107456258
0 0 2.49867273575
0 0 2.11937022587
0 0 0.25903192032
0 0 1.13343272889
0 0 2.2060619536
0 0 1.44824000467
0 0 1.22677685558
0 0 2.2082575527
0 0 0.395061271901
0 0 0.763730231224
0 0 1.2865280592
0 0 2.31067847046
0 1 -0.181462147117
0 0 2.71538075711
0 0 0.552374078434
0 0 0.552374078434
0 0 0.552374078434
0 0 0.552374078434
0 0 0.452509034472
0 0 0.552374078434
0 0 2.87685702357
0 0 3.0215126488
0 0 1.07576854447
0 0 0.4881423081
0 0 0.824148806183
0 0 1.49232765094
0 0 0.505348529936
0 0 2.0683929317
0 0 2.70596670373
0 0 0.25955276406
0 0 3.02266648793
0 0 0.0201414841255
0 0 0.817947595215
0 0 1.4953812224
0 0 2.05716832577
0 0 1.29666080772
0 1 -0.0719049038086
0 0 0.163775908034
0 0 1.1023922841
0 0 0.803009509789
0 1 -0.168496311996
0 0 1.34185020391
0 0 2.15020679204
0 0 2.67289783631
0 0 0.95726292933
0 0 1.84480568604
0 0 1.65973669793
0 0 1.00661491741
0 0 1.09444897364
0 0 1.1595766367
0 0 0.553455718531
0 0 1.1306946699
0 0 0.459928322224
0 0 1.17949596061
0 0 0.163204178582
0 0 0.377785083595
0 0 0.154022798108
0 0 3.20645875164
0 0 1.57869884137
0 0 0.896125198825
0 0 0.416773738026
0 0 1.1459957473
0 0 1.44804126292
0 0 1.2548033208
1 0 0.12185582512
1 1 -1.05626852873
1 1 -1.80369572889
1 1 -2.73470867312
1 1 -0.902961052014
1 1 -0.575135701219
1 1 -0.83106087368
1 1 -2.6628434975
1 1 -1.79095725535
1 1 -1.23203086062
1 1 -2.28036003219
1 1 -1.07847484947
1 1 -0.363659553239
1 1 -0.409874260842
1 1 -1.42211654887
1 1 -1.92605627681
1 1 -1.05419149882
1 0 0.00249284586393
1 1 -3.9849565879
1 1 -1.188408314
1 1 -2.2946939301
1 1 -0.0346245898869
1 1 -1.34580126241
1 1 -1.25293726728
1 1 -3.47552901085
1 1 -1.00644913929
1 1 -2.90687929238
1 1 -1.31685572797
1 1 -2.7452601813
1 1 -1.2925521866
1 0 0.0146229768738
1 1 -0.922916530188
1 1 -0.625106236261
1 1 -0.0517484572292
1 1 -2.14775089953
1 1 -1.20696014715
1 1 -3.99079970924
1 1 -1.42831678401
1 1 -1.35891232587
1 1 -1.94533111723
1 1 -1.37989886869
1 1 -1.50759211483
1 1 -1.10719605081
1 1 -4.12516785828
1 0 0.216533317241
1 1 -2.63034392241
1 1 -1.993775271
1 1 -2.22747196905
1 1 -2.04284460706
1 0 0.0598629913514
1 1 -1.7558695878
1 1 -0.884621442156
1 1 -0.621521962617
1 1 -1.40037044082
1 1 -2.02330453414
1 1 -2.7747398196
1 1 -1.31496560581
1 1 -2.40245846502
1 1 -3.5912091153
1 1 -1.84411579806
1 1 -2.2437673019
1 1 -0.991203729131
1 1 -1.9696062126
1 1 -1.85078657362
1 1 -1.95064533555
1 1 -1.71085616886
1 1 -2.27462518608
1 1 -0.875488384916
1 1 -1.59430941026
1 1 -2.8863089639
1 1 -3.03566774939
1 1 -1.10800387312
1 1 -0.940779333554
1 1 -1.95763794462
1 1 -1.24809119007
1 1 -1.57226206397
1 1 -0.805720371817
1 1 -0.517129811632
1 1 -1.65926127609
1 1 -1.88765539307
1 1 -1.15761460185
1 1 -0.581011494201
1 1 -1.66882589801
1 1 -2.50114356817
1 1 -3.27399582659
1 1 -1.96143653082
1 1 -2.30554523145
1 1 -2.53954098706
1 1 -1.08990358781
1 0 0.178922551747
1 1 -1.16707514333
1 1 -0.0602763298042
1 1 -2.83327006823
1 1 -0.919533586887
1 1 -0.910162489076
1 1 -0.659616480811
1 1 -0.355623575307
1 1 -0.268265775968
1 1 -0.888384273972
1 1 -1.70664790894
